pose:
  theta: -0.8011001637714513
  x: -0.18500597747519582
  y: -0.24526392350584705
