pose:
  theta: -0.3268570048452531
  x: -0.03823641721971226
  y: -0.6553929478041908
