pose:
  theta: -0.4143888405339579
  x: 1.8224987502238383
  y: 2.974111595962413
