pose:
  theta: -1.7472266616365472
  x: 3.054042209740282
  y: 0.6138594952562186
