pose:
  theta: -1.2773137741613895
  x: 0.7117353337702699
  y: 1.1564440813741041
