pose:
  theta: -2.115044415045682
  x: 2.8094550926645563
  y: 3.235048904828002
