pose:
  theta: 1.242818928967046
  x: 2.874519439846255
  y: -1.6181520601370563
