pose:
  theta: -2.064836168382264
  x: 4.943504980250436
  y: 2.899009985713096
