pose:
  theta: -0.5785781004897275
  x: 2.104800069497725
  y: 0.05959054783553345
