pose:
  theta: 2.1305237506207954
  x: 3.3445593934439906
  y: 2.1608870180691317
