pose:
  theta: -0.09651621590161356
  x: 5.018452438706513
  y: 0.6765860870619494
