pose:
  theta: 2.567147697395481
  x: 5.307175819025689
  y: 1.8993462584826546
